<?xml version="1.0" encoding="UTF-8"?>
<map version="1.10" tiledversion="1.12.1-8-g449813058" orientation="orthogonal" renderorder="right-down" width="30" height="30" tilewidth="32" tileheight="32" infinite="0" nextlayerid="3" nextobjectid="3">
 <tileset firstgid="1" source="../../../Desktop/green-hill-1.tsx"/>
 <tileset firstgid="15409" source="../../../Desktop/sonic_tileset_1.tsx"/>
 <layer id="1" name="sol" width="30" height="30">
  <data encoding="csv">
0,0,0,0,0,0,0,0,0,0,0,0,0,0,0,0,0,0,0,0,0,0,0,0,0,0,0,0,0,0,
0,0,0,0,0,0,0,0,0,0,0,0,0,0,0,0,0,0,0,0,0,0,0,0,0,0,0,0,0,0,
0,0,0,0,0,0,0,0,0,0,0,0,0,0,0,0,0,0,0,0,0,0,0,0,0,0,0,0,0,0,
0,0,0,0,0,0,0,0,0,0,0,0,0,0,0,0,0,0,0,0,0,0,0,0,0,0,0,0,0,0,
0,0,0,0,0,0,0,0,0,0,0,0,0,0,0,0,0,0,0,0,0,0,0,0,0,0,0,0,0,0,
0,0,0,0,0,0,0,0,0,0,0,0,0,0,0,0,0,0,0,0,0,0,0,0,0,0,0,0,0,0,
0,0,0,0,0,0,0,0,0,0,0,0,0,0,0,0,0,0,0,0,0,0,0,0,0,0,0,0,0,0,
0,0,0,0,0,0,0,0,0,0,0,0,0,0,0,0,0,0,0,0,0,0,0,0,0,0,0,0,0,0,
0,0,0,0,0,0,0,0,0,0,0,0,0,0,0,0,0,0,0,0,0,0,0,0,0,0,0,0,0,0,
0,0,0,0,0,0,0,0,0,0,0,0,0,0,0,0,0,0,0,0,0,0,0,0,0,0,0,0,0,0,
0,0,0,0,0,0,0,0,0,0,0,0,0,0,0,0,0,0,0,0,0,0,0,0,0,0,0,0,0,0,
0,0,0,0,0,0,0,0,0,0,0,0,0,0,0,0,0,0,0,0,0,0,0,0,0,0,0,0,0,0,
0,0,0,0,0,0,0,0,0,0,0,0,0,0,0,0,0,0,0,0,0,0,0,0,0,0,0,0,0,0,
0,0,0,0,0,0,0,0,0,0,0,0,0,0,0,0,0,0,0,0,0,0,0,0,0,0,0,0,0,0,
0,0,0,0,0,0,0,0,0,0,0,0,0,0,0,0,0,0,0,0,0,0,0,0,0,0,0,0,0,0,
0,0,0,0,0,0,0,0,0,0,0,0,0,0,0,0,0,0,0,0,0,0,0,0,0,0,0,0,0,0,
0,0,0,0,0,0,0,0,0,0,0,0,0,0,0,0,0,0,0,0,0,0,0,0,0,0,0,0,0,0,
0,0,0,0,0,0,0,0,0,0,0,0,0,0,0,0,0,0,0,0,0,0,0,0,0,0,0,0,0,0,
0,0,0,0,0,0,0,0,0,25687,25688,25687,25688,25689,25687,25688,25689,0,0,0,0,0,0,0,25687,25688,25689,0,0,0,
0,0,0,0,0,0,0,0,0,26008,26009,26008,26009,26010,26008,26009,26010,0,0,0,0,0,0,0,26008,26009,26010,0,0,0,
0,0,0,0,0,0,0,0,0,26329,26330,26329,26330,26331,26329,26330,26331,0,0,0,0,0,0,0,26329,26330,26331,0,0,0,
0,0,0,0,0,0,0,0,0,26650,26651,26650,26651,26652,26650,26651,26652,0,0,0,0,0,0,0,26650,26651,26652,0,0,0,
0,0,0,0,0,0,0,0,0,26971,26972,26971,26972,26973,26971,26972,26973,0,0,0,0,0,0,0,26971,26972,26973,0,0,0,
0,0,0,0,0,0,0,0,0,27292,27293,27292,27293,27294,27292,27293,0,0,0,0,0,0,0,0,27292,27293,27294,0,0,0,
25204,25204,25204,25204,25204,25204,25204,25204,25204,25204,25204,25204,25204,25204,25204,25204,25204,25204,25204,25204,25204,25204,25204,25204,25204,25204,25204,25204,25204,25204,
25175,25175,25175,25175,25175,25175,25175,25175,25175,25175,25175,25175,25175,25175,25175,25175,25175,25175,25175,25176,25177,25177,25177,25177,25177,25177,25177,25177,25177,25177,
25175,25496,25496,25496,25496,25496,25496,25496,25496,25496,25496,25496,25496,25496,25496,25496,25496,25496,25496,25175,25175,25175,25175,25175,25175,25175,25175,25175,25175,25176,
25176,25177,25496,25496,25496,25497,25498,25498,25498,25177,25177,25177,25177,25177,25177,25177,25177,25177,25177,25496,25496,25496,25496,25496,25496,25496,25496,25496,25496,25497,
25176,25177,25496,25497,25498,25175,25176,25496,25497,25498,25498,25498,25498,25498,25498,25498,25498,25498,25498,25498,25175,25175,25175,25175,25175,25175,25175,25175,25175,25175,
25175,25175,25496,25497,25498,25175,25175,25175,25175,25496,25496,25496,25496,25496,25496,25496,25496,25496,25496,25496,25496,25496,25496,25496,25496,25496,25496,25496,25496,25496
</data>
 </layer>
 <objectgroup id="2" name="collision">
  <object id="1" type="collision" x="-16" y="774.667" width="992" height="197.333"/>
 </objectgroup>
</map>
